id: 376165949
type: node
latitude: 40.71185
longitude: -112.02569
postcode: "84120"
city: West Valley City
street: 5600 West
housenumber: 2678 S
phone: +1-801-966-9893
opening_hours: 24/7
website: ""
