id: 38407473
type: node
latitude: 40.68125
longitude: -112.03388
postcode: "84128"
city: West Valley City
street: 4100 South
housenumber: 6000 W
phone: +1 385-715-4813
opening_hours: 24/7
website: ""
