id: 1025013125
type: node
latitude: 40.73033
longitude: -111.98816
postcode: "84104"
city: Salt Lake City
street: 1820 South
housenumber: 4025 W
phone: +1-801-972-3063
opening_hours: 24/7
website: ""
